echo `date`
Thu Feb 18 20:49:20 EST 2021
\
patscc  -DATS_MEMALLOC_LIBC -o assign03_test assign03_test.dats
time ./assign03_test
ln2[0] = 0.000000
ln2[1] = 1.000000
ln2[2] = 0.500000
ln2[3] = 0.833333
ln2[4] = 0.583333
ln2[5] = 0.783333
ln2[6] = 0.616667
ln2[7] = 0.759524
ln2[8] = 0.634524
ln2[9] = 0.745635
ijs[0] = (0, 0)
ijs[1] = (0, 1)
ijs[2] = (1, 1)
ijs[3] = (0, 2)
ijs[4] = (1, 2)
ijs[5] = (2, 2)
ijs[6] = (0, 3)
ijs[7] = (1, 3)
ijs[8] = (2, 3)
ijs[9] = (3, 3)
ijs[10] = (0, 4)
ijs[11] = (1, 4)
ijs[12] = (2, 4)
ijs[13] = (3, 4)
ijs[14] = (4, 4)
ijs[15] = (0, 5)
ijs[16] = (1, 5)
ijs[17] = (2, 5)
ijs[18] = (3, 5)
ijs[19] = (4, 5)
ijs[20] = (5, 5)
ijs[21] = (0, 6)
ijs[22] = (1, 6)
ijs[23] = (2, 6)
ijs[24] = (3, 6)
ijs[25] = (4, 6)
ijs[26] = (5, 6)
ijs[27] = (6, 6)
ijs[28] = (0, 7)
ijs[29] = (1, 7)
ijs[30] = (2, 7)
ijs[31] = (3, 7)
ijs[32] = (4, 7)
ijs[33] = (5, 7)
ijs[34] = (6, 7)
ijs[35] = (7, 7)
ijs[36] = (0, 8)
ijs[37] = (1, 8)
ijs[38] = (2, 8)
ijs[39] = (3, 8)
ijs[40] = (4, 8)
ijs[41] = (5, 8)
ijs[42] = (6, 8)
ijs[43] = (7, 8)
ijs[44] = (8, 8)
ijs[45] = (0, 9)
ijs[46] = (1, 9)
ijs[47] = (2, 9)
ijs[48] = (3, 9)
ijs[49] = (4, 9)
ijs[50] = (5, 9)
ijs[51] = (6, 9)
ijs[52] = (7, 9)
ijs[53] = (8, 9)
ijs[54] = (9, 9)
ijs[55] = (0, 10)
ijs[56] = (1, 10)
ijs[57] = (2, 10)
ijs[58] = (3, 10)
ijs[59] = (4, 10)
ijs[60] = (5, 10)
ijs[61] = (6, 10)
ijs[62] = (7, 10)
ijs[63] = (8, 10)
ijs[64] = (9, 10)
ijs[65] = (10, 10)
ijs[66] = (0, 11)
ijs[67] = (1, 11)
ijs[68] = (2, 11)
ijs[69] = (3, 11)
ijs[70] = (4, 11)
ijs[71] = (5, 11)
ijs[72] = (6, 11)
ijs[73] = (7, 11)
ijs[74] = (8, 11)
ijs[75] = (9, 11)
ijs[76] = (10, 11)
ijs[77] = (11, 11)
ijs[78] = (0, 12)
ijs[79] = (1, 12)
ijs[80] = (2, 12)
ijs[81] = (3, 12)
ijs[82] = (4, 12)
ijs[83] = (5, 12)
ijs[84] = (6, 12)
ijs[85] = (7, 12)
ijs[86] = (8, 12)
ijs[87] = (9, 12)
ijs[88] = (10, 12)
ijs[89] = (11, 12)
ijs[90] = (12, 12)
ijs[91] = (0, 13)
ijs[92] = (1, 13)
ijs[93] = (2, 13)
ijs[94] = (3, 13)
ijs[95] = (4, 13)
ijs[96] = (5, 13)
ijs[97] = (6, 13)
ijs[98] = (7, 13)
ijs[99] = (8, 13)
ln2_1[0] = 0.666667
ln2_1[1] = 0.700000
ln2_1[2] = 0.690476
ln2_1[3] = 0.694444
ln2_1[4] = 0.692424
ln2_1[5] = 0.693590
ln2_1[6] = 0.692857
ln2_1[7] = 0.693347
ln2_1[8] = 0.693003
ln2_1[9] = 0.693254
ln2_2[0] = 0.692593
ln2_2[1] = 0.693277
ln2_2[2] = 0.693106
ln2_2[3] = 0.693163
ln2_2[4] = 0.693140
ln2_2[5] = 0.693151
ln2_2[6] = 0.693145
ln2_2[7] = 0.693148
ln2_2[8] = 0.693146
ln2_2[9] = 0.693148
ln2_3[0] = 0.693140
ln2_3[1] = 0.693149
ln2_3[2] = 0.693147
ln2_3[3] = 0.693147
ln2_3[4] = 0.693147
ln2_3[5] = 0.693147
ln2_3[6] = 0.693147
ln2_3[7] = 0.693147
ln2_3[8] = 0.693147
ln2_3[9] = 0.693147
0.00user 0.00system 0:00.00elapsed ?%CPU (0avgtext+0avgdata 1520maxresident)k
0inputs+0outputs (0major+72minor)pagefaults 0swaps
rm -f *~
rm -f *.o
rm -f *_dats.?
rm -f assign03_test
